# Exact Riemann solution for problem: 3
# Discretization: zonal
# Domain bounds: [0.00000e+00,1.00000e+00]
# Iterface position: 5.00000e-01
# Gamma: 1.40000e+00
# Left  state [dens,velx,pres]: [1.00000e+00, 0.00000e+00, 1.00000e+03]
# Right state [dens,velx,pres]: [1.00000e+00, 0.00000e+00, 1.00000e-02]
# Time: 1.20000e-02
                x              dens              pres              velx              eint              cspd
  5.000000000e-03   1.000000000e+00   1.000000000e+03   0.000000000e+00   2.500000000e+03   3.741657387e+01
  1.500000000e-02   1.000000000e+00   1.000000000e+03   0.000000000e+00   2.500000000e+03   3.741657387e+01
  2.500000000e-02   1.000000000e+00   1.000000000e+03   0.000000000e+00   2.500000000e+03   3.741657387e+01
  3.500000000e-02   1.000000000e+00   1.000000000e+03   0.000000000e+00   2.500000000e+03   3.741657387e+01
  4.500000000e-02   1.000000000e+00   1.000000000e+03   0.000000000e+00   2.500000000e+03   3.741657387e+01
  5.500000000e-02   9.926001443e-01   9.896555570e+02   2.777004453e-01   2.492583652e+03   3.736103378e+01
  6.500000000e-02   9.742869542e-01   9.641878229e+02   9.721448898e-01   2.474085840e+03   3.722214489e+01
  7.500000000e-02   9.562450656e-01   9.392839254e+02   1.666589334e+00   2.455656921e+03   3.708325600e+01
  8.500000000e-02   9.384714529e-01   9.149334233e+02   2.361033779e+00   2.437296895e+03   3.694436711e+01
  9.500000000e-02   9.209631128e-01   8.911260310e+02   3.055478223e+00   2.419005763e+03   3.680547822e+01
  1.050000000e-01   9.037170650e-01   8.678516160e+02   3.749922668e+00   2.400783524e+03   3.666658933e+01
  1.150000000e-01   8.867303513e-01   8.451001980e+02   4.444367112e+00   2.382630178e+03   3.652770045e+01
  1.250000000e-01   8.700000358e-01   8.228619465e+02   5.138811556e+00   2.364545726e+03   3.638881156e+01
  1.350000000e-01   8.535232050e-01   8.011271794e+02   5.833256001e+00   2.346530167e+03   3.624992267e+01
  1.450000000e-01   8.372969674e-01   7.798863615e+02   6.527700445e+00   2.328583501e+03   3.611103378e+01
  1.550000000e-01   8.213184537e-01   7.591301024e+02   7.222144890e+00   2.310705729e+03   3.597214489e+01
  1.650000000e-01   8.055848166e-01   7.388491551e+02   7.916589334e+00   2.292896849e+03   3.583325600e+01
  1.750000000e-01   7.900932305e-01   7.190344144e+02   8.611033779e+00   2.275156863e+03   3.569436711e+01
  1.850000000e-01   7.748408918e-01   6.996769152e+02   9.305478223e+00   2.257485771e+03   3.555547822e+01
  1.950000000e-01   7.598250186e-01   6.807678306e+02   9.999922668e+00   2.239883572e+03   3.541658933e+01
  2.050000000e-01   7.450428507e-01   6.622984708e+02   1.069436711e+01   2.222350266e+03   3.527770045e+01
  2.150000000e-01   7.304916493e-01   6.442602813e+02   1.138881156e+01   2.204885853e+03   3.513881156e+01
  2.250000000e-01   7.161686973e-01   6.266448410e+02   1.208325600e+01   2.187490333e+03   3.499992267e+01
  2.350000000e-01   7.020712987e-01   6.094438610e+02   1.277770045e+01   2.170163707e+03   3.486103378e+01
  2.450000000e-01   6.881967792e-01   5.926491830e+02   1.347214489e+01   2.152905975e+03   3.472214489e+01
  2.550000000e-01   6.745424853e-01   5.762527777e+02   1.416658933e+01   2.135717135e+03   3.458325600e+01
  2.650000000e-01   6.611057851e-01   5.602467431e+02   1.486103378e+01   2.118597189e+03   3.444436711e+01
  2.750000000e-01   6.478840673e-01   5.446233033e+02   1.555547822e+01   2.101546136e+03   3.430547822e+01
  2.850000000e-01   6.348747419e-01   5.293748066e+02   1.624992267e+01   2.084563976e+03   3.416658933e+01
  2.950000000e-01   6.220752396e-01   5.144937243e+02   1.694436711e+01   2.067650710e+03   3.402770045e+01
  3.050000000e-01   6.094830121e-01   4.999726494e+02   1.763881156e+01   2.050806337e+03   3.388881156e+01
  3.150000000e-01   5.970955315e-01   4.858042943e+02   1.833325600e+01   2.034030857e+03   3.374992267e+01
  3.250000000e-01   5.849102909e-01   4.719814905e+02   1.902770045e+01   2.017324271e+03   3.361103378e+01
  3.350000000e-01   5.750622985e-01   4.608937875e+02   1.959745139e+01   2.003668945e+03   3.349708359e+01
  3.450000000e-01   5.750622985e-01   4.608937875e+02   1.959745139e+01   2.003668945e+03   3.349708359e+01
  3.550000000e-01   5.750622985e-01   4.608937875e+02   1.959745139e+01   2.003668945e+03   3.349708359e+01
  3.650000000e-01   5.750622985e-01   4.608937875e+02   1.959745139e+01   2.003668945e+03   3.349708359e+01
  3.750000000e-01   5.750622985e-01   4.608937875e+02   1.959745139e+01   2.003668945e+03   3.349708359e+01
  3.850000000e-01   5.750622985e-01   4.608937875e+02   1.959745139e+01   2.003668945e+03   3.349708359e+01
  3.950000000e-01   5.750622985e-01   4.608937875e+02   1.959745139e+01   2.003668945e+03   3.349708359e+01
  4.050000000e-01   5.750622985e-01   4.608937875e+02   1.959745139e+01   2.003668945e+03   3.349708359e+01
  4.150000000e-01   5.750622985e-01   4.608937875e+02   1.959745139e+01   2.003668945e+03   3.349708359e+01
  4.250000000e-01   5.750622985e-01   4.608937875e+02   1.959745139e+01   2.003668945e+03   3.349708359e+01
  4.350000000e-01   5.750622985e-01   4.608937875e+02   1.959745139e+01   2.003668945e+03   3.349708359e+01
  4.450000000e-01   5.750622985e-01   4.608937875e+02   1.959745139e+01   2.003668945e+03   3.349708359e+01
  4.550000000e-01   5.750622985e-01   4.608937875e+02   1.959745139e+01   2.003668945e+03   3.349708359e+01
  4.650000000e-01   5.750622985e-01   4.608937875e+02   1.959745139e+01   2.003668945e+03   3.349708359e+01
  4.750000000e-01   5.750622985e-01   4.608937875e+02   1.959745139e+01   2.003668945e+03   3.349708359e+01
  4.850000000e-01   5.750622985e-01   4.608937875e+02   1.959745139e+01   2.003668945e+03   3.349708359e+01
  4.950000000e-01   5.750622985e-01   4.608937875e+02   1.959745139e+01   2.003668945e+03   3.349708359e+01
  5.050000000e-01   5.750622985e-01   4.608937875e+02   1.959745139e+01   2.003668945e+03   3.349708359e+01
  5.150000000e-01   5.750622985e-01   4.608937875e+02   1.959745139e+01   2.003668945e+03   3.349708359e+01
  5.250000000e-01   5.750622985e-01   4.608937875e+02   1.959745139e+01   2.003668945e+03   3.349708359e+01
  5.350000000e-01   5.750622985e-01   4.608937875e+02   1.959745139e+01   2.003668945e+03   3.349708359e+01
  5.450000000e-01   5.750622985e-01   4.608937875e+02   1.959745139e+01   2.003668945e+03   3.349708359e+01
  5.550000000e-01   5.750622985e-01   4.608937875e+02   1.959745139e+01   2.003668945e+03   3.349708359e+01
  5.650000000e-01   5.750622985e-01   4.608937875e+02   1.959745139e+01   2.003668945e+03   3.349708359e+01
  5.750000000e-01   5.750622985e-01   4.608937875e+02   1.959745139e+01   2.003668945e+03   3.349708359e+01
  5.850000000e-01   5.750622985e-01   4.608937875e+02   1.959745139e+01   2.003668945e+03   3.349708359e+01
  5.950000000e-01   5.750622985e-01   4.608937875e+02   1.959745139e+01   2.003668945e+03   3.349708359e+01
  6.050000000e-01   5.750622985e-01   4.608937875e+02   1.959745139e+01   2.003668945e+03   3.349708359e+01
  6.150000000e-01   5.750622985e-01   4.608937875e+02   1.959745139e+01   2.003668945e+03   3.349708359e+01
  6.250000000e-01   5.750622985e-01   4.608937875e+02   1.959745139e+01   2.003668945e+03   3.349708359e+01
  6.350000000e-01   5.750622985e-01   4.608937875e+02   1.959745139e+01   2.003668945e+03   3.349708359e+01
  6.450000000e-01   5.750622985e-01   4.608937875e+02   1.959745139e+01   2.003668945e+03   3.349708359e+01
  6.550000000e-01   5.750622985e-01   4.608937875e+02   1.959745139e+01   2.003668945e+03   3.349708359e+01
  6.650000000e-01   5.750622985e-01   4.608937875e+02   1.959745139e+01   2.003668945e+03   3.349708359e+01
  6.750000000e-01   5.750622985e-01   4.608937875e+02   1.959745139e+01   2.003668945e+03   3.349708359e+01
  6.850000000e-01   5.750622985e-01   4.608937875e+02   1.959745139e+01   2.003668945e+03   3.349708359e+01
  6.950000000e-01   5.750622985e-01   4.608937875e+02   1.959745139e+01   2.003668945e+03   3.349708359e+01
  7.050000000e-01   5.750622985e-01   4.608937875e+02   1.959745139e+01   2.003668945e+03   3.349708359e+01
  7.150000000e-01   5.750622985e-01   4.608937875e+02   1.959745139e+01   2.003668945e+03   3.349708359e+01
  7.250000000e-01   5.750622985e-01   4.608937875e+02   1.959745139e+01   2.003668945e+03   3.349708359e+01
  7.350000000e-01   5.750622985e-01   4.608937875e+02   1.959745139e+01   2.003668945e+03   3.349708359e+01
  7.450000000e-01   5.999240705e+00   4.608937875e+02   1.959745139e+01   1.920633836e+02   1.037089653e+01
  7.550000000e-01   5.999240705e+00   4.608937875e+02   1.959745139e+01   1.920633836e+02   1.037089653e+01
  7.650000000e-01   5.999240705e+00   4.608937875e+02   1.959745139e+01   1.920633836e+02   1.037089653e+01
  7.750000000e-01   5.999240705e+00   4.608937875e+02   1.959745139e+01   1.920633836e+02   1.037089653e+01
  7.850000000e-01   1.000000000e+00   1.000000000e-02   0.000000000e+00   2.500000000e-02   1.183215957e-01
  7.950000000e-01   1.000000000e+00   1.000000000e-02   0.000000000e+00   2.500000000e-02   1.183215957e-01
  8.050000000e-01   1.000000000e+00   1.000000000e-02   0.000000000e+00   2.500000000e-02   1.183215957e-01
  8.150000000e-01   1.000000000e+00   1.000000000e-02   0.000000000e+00   2.500000000e-02   1.183215957e-01
  8.250000000e-01   1.000000000e+00   1.000000000e-02   0.000000000e+00   2.500000000e-02   1.183215957e-01
  8.350000000e-01   1.000000000e+00   1.000000000e-02   0.000000000e+00   2.500000000e-02   1.183215957e-01
  8.450000000e-01   1.000000000e+00   1.000000000e-02   0.000000000e+00   2.500000000e-02   1.183215957e-01
  8.550000000e-01   1.000000000e+00   1.000000000e-02   0.000000000e+00   2.500000000e-02   1.183215957e-01
  8.650000000e-01   1.000000000e+00   1.000000000e-02   0.000000000e+00   2.500000000e-02   1.183215957e-01
  8.750000000e-01   1.000000000e+00   1.000000000e-02   0.000000000e+00   2.500000000e-02   1.183215957e-01
  8.850000000e-01   1.000000000e+00   1.000000000e-02   0.000000000e+00   2.500000000e-02   1.183215957e-01
  8.950000000e-01   1.000000000e+00   1.000000000e-02   0.000000000e+00   2.500000000e-02   1.183215957e-01
  9.050000000e-01   1.000000000e+00   1.000000000e-02   0.000000000e+00   2.500000000e-02   1.183215957e-01
  9.150000000e-01   1.000000000e+00   1.000000000e-02   0.000000000e+00   2.500000000e-02   1.183215957e-01
  9.250000000e-01   1.000000000e+00   1.000000000e-02   0.000000000e+00   2.500000000e-02   1.183215957e-01
  9.350000000e-01   1.000000000e+00   1.000000000e-02   0.000000000e+00   2.500000000e-02   1.183215957e-01
  9.450000000e-01   1.000000000e+00   1.000000000e-02   0.000000000e+00   2.500000000e-02   1.183215957e-01
  9.550000000e-01   1.000000000e+00   1.000000000e-02   0.000000000e+00   2.500000000e-02   1.183215957e-01
  9.650000000e-01   1.000000000e+00   1.000000000e-02   0.000000000e+00   2.500000000e-02   1.183215957e-01
  9.750000000e-01   1.000000000e+00   1.000000000e-02   0.000000000e+00   2.500000000e-02   1.183215957e-01
  9.850000000e-01   1.000000000e+00   1.000000000e-02   0.000000000e+00   2.500000000e-02   1.183215957e-01
  9.950000000e-01   1.000000000e+00   1.000000000e-02   0.000000000e+00   2.500000000e-02   1.183215957e-01
